1904.065590785385
36210.634699113514
16305.134099597750
28136.161615151672
3115.085389451460
40322.296958339059
10384.738759982381
32031.798132077853
628.402018328417
38623.332560243311
7752.565212705296
21353.557244684300
6316.050740295294
37343.575624367564
13856.512644227034
27545.279816402992
246.243168409085
40794.131191321518
9299.146263411596
24498.865900402718
1404.798845083570
39399.201154916860
19450.442755316020
34022.133236690228
39.465687280409
34940.138036537945
11509.086094265598
22618.721166044019
4593.365300886894
39824.971419883092
15685.540676210594
31504.853736588739
979.028580117253
38329.102748825710
6781.866763310117
25118.459323789830
3460.424375632635
40557.756831591447
18185.278833956334
29861.663379564932
354.275665769380
37688.914610548833
9836.831952824459
20719.288066799156
4199.922039465387
40175.597981672057
14460.637441139763
34487.949259705267
88.762002736084
35801.897604605147
7260.859385589063
26343.362558860706
2474.897251174745
40715.237997264303
17555.608054866294
30419.261240018041
9.868808678860
38899.934409215079
12667.838384848743
23248.391945134139
5425.737896249544
40764.534312719923
13258.720183597408
33051.434787295213
1182.616956685295
36604.077960535113
10942.336620435441
26947.487355773377
2180.667439757099
40009.769326015245
20084.711933201208
29294.913905734746
481.703041661293
39158.640701316115
8256.508551027531
25733.489877389049
2786.470376698305
40449.724334231199
16928.690976151815
33543.140614411306
794.230673985233
36981.846757924475
8772.201867922502
21986.905852390573
5002.102395395295
40646.289935956273
12084.438887959819
32547.491448972825
157.710064044435
35378.262103751025
18817.094147609943
28719.561112040581
1645.359298684438
39621.383043315240
5863.861963462626
30967.168047175859
3822.153242076085
38017.529623301954
15070.510122611440
23875.309023848717
